-9557
6420
-7272
6299
5579
927
473
-3071
7945
-3471
-8295
-3728
-495
2498
-369
-5811
2670
1008
1061
1589
-7563
7598
-1385
6931
-9427
-4118
3409
356
864
-7008
7967
5290
-7449
3658
-1017
-4577
8490
8847
4783
-4285
-2017
-543
-2581
3615
7061
-3212
3110
-8030
-8390
-9581
-8490
-6788
-7422
3080
7121
-9195
1970
7151
5245
-4051
4228
438
9068
-8515
-6026
9159
-4271
-465
6247
-4961
3089
9696
-4572
4153
8748
9536
-2260
1463
623
-4092
8654
-4790
9424
5081
598
4552
1606
7342
-6465
336
-1575
-3453
-8179
-5399
658
-1965
-8329
-2972
8578
-628
